Original graph members of vertex 0 : 
61 93 138 181 187 236 261 354 377 417 457 548 612 681 781 787 821 837 848 872 892 988 993 
 [ 4081.9 , 101, 6306.41 ]  Degree of vertex = 15
Vertex is connected to clusters with phm: 
2 - 17, 148.525     16 - 94, 677.356     5 - 11, 152.686     10 - 20, 167.304     4 - 13, 147.151     13 - 26, 166.631     18 - 26, 174.765     29 - 13, 90.0041     21 - 15, 171.726     7 - 20, 107.423     17 - 16, 100.206     11 - 11, 58.9007     6 - 6, 16.7803     20 - 6, 17.4889     1 - 8, 27.5579     
 
Original graph members of vertex 1 : 
3 42 50 68 95 112 119 123 140 148 195 208 278 315 337 382 406 443 450 456 481 637 653 662 694 792 796 818 819 856 861 891 970 972 
 [ 3263.5 , 128, 6056.83 ]  Degree of vertex = 15
Vertex is connected to clusters with phm: 
16 - 133, 1052.3     11 - 21, 234.195     2 - 13, 127.083     7 - 30, 185.64     21 - 26, 170.574     13 - 23, 152.931     29 - 19, 145.646     20 - 16, 148.523     17 - 29, 126.907     10 - 23, 114.708     4 - 16, 152.713     18 - 15, 86.4132     6 - 8, 51.1268     0 - 8, 27.5579     5 - 6, 17.0175     
 
Original graph members of vertex 2 : 
7 38 43 58 59 74 111 131 159 164 217 260 384 387 397 422 429 466 492 501 513 519 521 530 567 582 584 591 606 643 652 657 661 679 723 754 763 768 790 791 838 905 951 960 982 997 
 [ 5979.89 , 195, 9451.82 ]  Degree of vertex = 15
Vertex is connected to clusters with phm: 
0 - 17, 148.525     1 - 13, 127.083     17 - 37, 225.101     7 - 38, 222.722     20 - 18, 248.734     10 - 44, 297.262     13 - 42, 266.181     18 - 31, 244.528     16 - 168, 941.664     5 - 15, 89.2993     21 - 34, 265.864     11 - 21, 99.5472     4 - 20, 143.505     6 - 11, 74.1593     29 - 19, 77.7549     
 
Original graph members of vertex 4 : 
118 128 197 259 329 402 411 440 525 598 602 605 624 635 638 670 743 745 802 828 862 863 876 880 903 973 995 
 [ 4062.25 , 125, 6908.52 ]  Degree of vertex = 15
Vertex is connected to clusters with phm: 
21 - 17, 133.531     7 - 23, 192.357     10 - 39, 311.405     13 - 29, 179.457     16 - 114, 864.112     18 - 28, 227.817     17 - 30, 276.458     0 - 13, 147.151     1 - 16, 152.713     6 - 8, 74.2177     2 - 20, 143.505     20 - 10, 38.5442     29 - 10, 34.5677     5 - 10, 33.5324     11 - 12, 36.9013     
 
Original graph members of vertex 5 : 
55 73 75 78 143 330 361 364 374 398 423 441 468 510 672 675 689 718 729 758 799 859 866 935 963 964 
 [ 3465.35 , 108, 5968.57 ]  Degree of vertex = 15
Vertex is connected to clusters with phm: 
16 - 100, 724.608     10 - 35, 390.841     21 - 15, 167.15     0 - 11, 152.686     18 - 25, 212.236     13 - 23, 157.925     11 - 14, 117.031     7 - 18, 120.976     2 - 15, 89.2993     29 - 15, 102.698     6 - 7, 61.7889     17 - 25, 132.535     20 - 5, 22.896     4 - 10, 33.5324     1 - 6, 17.0175     
 
Original graph members of vertex 6 : 
15 37 64 83 166 190 205 225 249 250 335 404 405 436 502 515 544 601 871 909 978 
 [ 1806.62 , 71, 3223.42 ]  Degree of vertex = 15
Vertex is connected to clusters with phm: 
29 - 13, 80.3954     16 - 54, 353.52     18 - 14, 96.1488     17 - 18, 116.32     10 - 19, 131.387     4 - 8, 74.2177     13 - 14, 124.342     7 - 10, 49.9024     5 - 7, 61.7889     1 - 8, 51.1268     11 - 12, 88.9662     21 - 10, 75.8705     2 - 11, 74.1593     20 - 4, 21.872     0 - 6, 16.7803     
 
Original graph members of vertex 7 : 
6 8 17 20 26 31 71 80 106 115 135 139 142 145 153 154 170 178 212 227 243 301 310 349 367 383 391 419 426 455 459 463 477 480 518 532 550 575 593 607 608 632 644 666 673 725 737 746 747 764 766 771 778 817 833 857 858 868 888 894 898 919 924 936 975 977 985 987 994 
 [ 7759.68 , 292, 14470 ]  Degree of vertex = 15
Vertex is connected to clusters with phm: 
13 - 83, 771.397     29 - 34, 325.555     16 - 274, 2296.83     11 - 33, 263.854     1 - 30, 185.64     4 - 23, 192.357     2 - 38, 222.722     10 - 65, 523.846     17 - 95, 757.626     18 - 66, 475.165     5 - 18, 120.976     21 - 47, 310.562     6 - 10, 49.9024     20 - 26, 106.481     0 - 20, 107.423     
 
Original graph members of vertex 10 : 
18 40 51 65 105 141 146 160 163 184 194 230 244 245 251 257 265 283 299 356 363 401 437 487 489 494 509 523 541 564 579 592 631 639 704 728 740 784 788 800 803 811 816 832 834 835 845 851 860 882 889 890 900 901 910 915 933 937 938 954 962 965 983 990 
 [ 6064.3 , 298, 13137.8 ]  Degree of vertex = 15
Vertex is connected to clusters with phm: 
16 - 300, 2354.34     18 - 59, 475.497     17 - 69, 544.964     5 - 35, 390.841     2 - 44, 297.262     4 - 39, 311.405     0 - 20, 167.304     7 - 65, 523.846     21 - 59, 536.277     13 - 60, 515.11     1 - 23, 114.708     11 - 32, 290.985     29 - 36, 208.973     20 - 29, 210.614     6 - 19, 131.387     
 
Original graph members of vertex 11 : 
69 88 96 122 175 189 303 392 438 484 486 514 557 558 583 596 610 633 658 700 753 780 782 801 809 831 854 879 899 904 925 949 950 
 [ 4147.84 , 148, 7279.65 ]  Degree of vertex = 15
Vertex is connected to clusters with phm: 
1 - 21, 234.195     21 - 27, 249.668     7 - 33, 263.854     18 - 37, 328.35     13 - 27, 150.813     5 - 14, 117.031     16 - 131, 854.698     10 - 32, 290.985     17 - 32, 235.804     2 - 21, 99.5472     20 - 15, 76.6237     0 - 11, 58.9007     6 - 12, 88.9662     29 - 13, 45.4762     4 - 12, 36.9013     
 
Original graph members of vertex 13 : 
1 5 12 53 91 94 98 100 125 156 158 179 193 204 215 220 223 231 232 235 253 279 292 293 295 305 319 332 334 342 366 376 388 390 394 413 416 420 424 427 435 464 505 522 529 534 553 556 577 578 603 618 620 622 626 649 684 706 715 720 730 731 749 752 773 797 805 842 847 853 873 881 917 955 967 984 991 992 
 [ 6221.65 , 324, 12459.6 ]  Degree of vertex = 15
Vertex is connected to clusters with phm: 
7 - 83, 771.397     16 - 258, 1726.71     11 - 27, 150.813     1 - 23, 152.931     20 - 29, 213.746     4 - 29, 179.457     5 - 23, 157.925     2 - 42, 266.181     10 - 60, 515.11     18 - 69, 680.266     0 - 26, 166.631     21 - 46, 362.761     17 - 68, 515.133     6 - 14, 124.342     29 - 39, 254.585     
 
Original graph members of vertex 16 : 
2 4 9 10 13 14 16 21 22 23 24 28 32 33 35 36 39 41 47 49 52 54 56 57 62 63 67 70 72 79 82 84 85 86 87 89 92 101 104 107 108 110 117 121 124 126 129 137 144 147 152 155 157 161 162 165 169 171 174 176 180 182 183 186 188 192 196 198 199 200 201 202 203 209 210 213 214 216 218 222 229 233 234 237 238 239 241 242 246 247 248 262 263 268 271 272 274 276 277 280 282 285 286 287 289 291 294 296 298 300 304 307 308 312 316 317 318 321 322 327 328 331 336 338 341 343 344 345 346 347 350 351 352 353 355 357 358 360 365 370 371 372 373 375 378 379 380 381 389 396 403 409 410 414 415 421 425 430 431 432 433 442 446 451 452 453 454 458 467 470 471 472 473 476 479 488 490 491 493 495 496 497 499 503 504 507 516 517 524 527 528 531 533 535 536 539 540 542 543 545 547 549 551 552 554 559 560 563 565 570 572 574 580 581 585 586 589 590 594 597 609 615 616 619 623 627 629 630 640 645 648 651 655 663 664 665 668 669 671 676 677 683 685 693 697 698 702 703 707 708 709 710 711 714 716 719 721 724 727 735 739 744 748 750 755 759 760 762 765 767 774 777 783 785 793 794 795 798 804 808 810 813 815 824 830 836 839 844 846 855 864 865 867 869 878 884 885 895 896 906 907 911 918 921 922 930 932 939 940 942 944 948 957 958 959 969 974 980 981 996 998 999 1000 
 [ 15561.5 , 1654, 34370.8 ]  Degree of vertex = 15
Vertex is connected to clusters with phm: 
10 - 300, 2354.34     1 - 133, 1052.3     0 - 94, 677.356     5 - 100, 724.608     21 - 191, 1428.03     29 - 164, 1320.66     7 - 274, 2296.83     18 - 278, 1942.62     13 - 258, 1726.71     4 - 114, 864.112     6 - 54, 353.52     17 - 272, 1641.16     11 - 131, 854.698     2 - 168, 941.664     20 - 102, 630.672     
 
Original graph members of vertex 17 : 
11 19 44 66 76 90 97 114 133 167 168 191 206 226 252 254 270 284 288 297 302 306 314 326 340 359 369 385 393 448 469 482 483 485 508 520 526 555 561 569 576 588 595 599 634 646 650 656 678 687 692 695 705 717 741 756 761 772 814 823 826 843 849 887 929 934 941 943 946 971 976 986 
 [ 3922.5 , 284, 9908 ]  Degree of vertex = 15
Vertex is connected to clusters with phm: 
10 - 69, 544.964     2 - 37, 225.101     20 - 33, 330.015     7 - 95, 757.626     16 - 272, 1641.16     1 - 29, 126.907     4 - 30, 276.458     18 - 77, 521.699     11 - 32, 235.804     29 - 38, 235.178     6 - 18, 116.32     13 - 68, 515.133     21 - 41, 226.405     0 - 16, 100.206     5 - 25, 132.535     
 
Original graph members of vertex 18 : 
27 30 34 45 99 103 116 130 149 172 211 224 240 255 256 269 273 311 324 368 412 418 428 434 444 461 500 538 546 573 613 614 621 642 654 659 667 680 691 699 701 712 722 733 742 751 775 776 779 786 789 807 870 874 883 897 913 920 923 945 947 956 966 989 
 [ 4715.87 , 272, 10929.4 ]  Degree of vertex = 15
Vertex is connected to clusters with phm: 
10 - 59, 475.497     29 - 32, 207.796     16 - 278, 1942.62     11 - 37, 328.35     5 - 25, 212.236     2 - 31, 244.528     7 - 66, 475.165     4 - 28, 227.817     21 - 49, 411.059     17 - 77, 521.699     20 - 24, 129.128     13 - 69, 680.266     6 - 14, 96.1488     1 - 15, 86.4132     0 - 26, 174.765     
 
Original graph members of vertex 20 : 
29 48 81 136 207 219 258 323 325 339 362 399 449 475 478 512 562 587 604 611 628 713 732 770 822 850 852 927 952 961 
 [ 2870.11 , 118, 5283.49 ]  Degree of vertex = 15
Vertex is connected to clusters with phm: 
2 - 18, 248.734     13 - 29, 213.746     17 - 33, 330.015     21 - 21, 120.92     1 - 16, 148.523     18 - 24, 129.128     10 - 29, 210.614     29 - 16, 97.1185     16 - 102, 630.672     7 - 26, 106.481     11 - 15, 76.6237     4 - 10, 38.5442     5 - 5, 22.896     6 - 4, 21.872     0 - 6, 17.4889     
 
Original graph members of vertex 21 : 
25 77 109 113 134 173 177 185 228 266 281 290 313 348 395 407 408 439 460 462 498 537 566 571 600 625 636 647 674 690 734 736 757 812 820 825 827 829 875 893 908 912 914 916 926 931 953 979 
 [ 4137.22 , 209, 9033.17 ]  Degree of vertex = 15
Vertex is connected to clusters with phm: 
4 - 17, 133.531     29 - 29, 265.551     16 - 191, 1428.03     11 - 27, 249.668     1 - 26, 170.574     5 - 15, 167.15     20 - 21, 120.92     10 - 59, 536.277     18 - 49, 411.059     7 - 47, 310.562     2 - 34, 265.864     13 - 46, 362.761     0 - 15, 171.726     17 - 41, 226.405     6 - 10, 75.8705     
 
Original graph members of vertex 29 : 
46 60 102 120 127 132 150 151 221 264 267 275 309 320 333 386 400 445 447 465 474 506 511 568 617 641 660 682 686 688 696 726 738 769 806 840 841 877 886 902 928 968 
 [ 2740.4 , 162, 6232.36 ]  Degree of vertex = 15
Vertex is connected to clusters with phm: 
7 - 34, 325.555     21 - 29, 265.551     16 - 164, 1320.66     18 - 32, 207.796     6 - 13, 80.3954     1 - 19, 145.646     10 - 36, 208.973     17 - 38, 235.178     0 - 13, 90.0041     20 - 16, 97.1185     5 - 15, 102.698     13 - 39, 254.585     2 - 19, 77.7549     11 - 13, 45.4762     4 - 10, 34.5677     
 
Number of edges = 120

