Final modularity = 0.393692


Mean = 0.600424


Standard deviation = 0.00604617


Community size			Conductance
10			0.579832
10			0.606299
10			0.597015
10			0.609756
10			0.61194
10			0.597122
10			0.592105
10			0.608392
10			0.615894
10			0.605634
10			0.588235
10			0.602649
10			0.617021
10			0.588652
10			0.594937
11			0.587302
11			0.595376
11			0.611111
11			0.612903
11			0.594406
11			0.607843
11			0.615385
11			0.586592
12			0.602151
12			0.597701
12			0.602484
12			0.601942
12			0.608696
12			0.615819
12			0.59799
12			0.623656
12			0.606218
12			0.60804
12			0.604061
12			0.597826
12			0.585799
13			0.606936
13			0.610811
13			0.59799
13			0.608696
13			0.603306
14			0.610619
14			0.604317
14			0.606061
14			0.6
14			0.60166
14			0.603306
14			0.596958
14			0.601562
15			0.595331
15			0.594828
15			0.59707
15			0.6
15			0.605042
16			0.598746
16			0.604651
16			0.591716
16			0.612457
16			0.592982
16			0.597315
16			0.601351
16			0.598662
17			0.594771
17			0.611111
18			0.589226
18			0.596091
18			0.59322
18			0.59292
18			0.60597
18			0.598765
18			0.606557
18			0.602606
18			0.597315
18			0.588832
19			0.601108
19			0.608802
19			0.603093
19			0.601156
19			0.601023
20			0.591133
20			0.6
20			0.600897
20			0.598765
20			0.6
20			0.597156
20			0.600887
21			0.59601
21			0.598361
21			0.605634
21			0.589333
21			0.599057
21			0.598272
22			0.593607
22			0.609756
22			0.601713
22			0.598616
22			0.607735
23			0.597964
23			0.605364
23			0.595455
23			0.601562
23			0.600985
23			0.598253
23			0.59604
24			0.597786
24			0.606195
24			0.6
24			0.585799
24			0.597122
25			0.603846
25			0.597586
25			0.59322
25			0.606557
25			0.591549
25			0.603774
25			0.603083
25			0.6
25			0.598344
25			0.6
25			0.597536
26			0.603025
26			0.6
26			0.6
26			0.608163
26			0.59589
27			0.6
27			0.599291
27			0.606218
28			0.60424
28			0.605263
28			0.599321
28			0.605839
28			0.599271
28			0.597222
28			0.60354
28			0.601463
29			0.600707
29			0.6
29			0.6
29			0.600768
30			0.6
30			0.605313
30			0.602606
30			0.595113
30			0.596273
30			0.592654
31			0.594059
31			0.596923
31			0.594542
31			0.605381
31			0.6
31			0.597246
31			0.592593
31			0.60061
31			0.601881
32			0.603478
32			0.59726
32			0.6
32			0.600644
33			0.597765
33			0.604827
34			0.606557
34			0.595925
34			0.602257
35			0.600605
35			0.595409
35			0.600515
35			0.60401
36			0.604908
36			0.599483
36			0.602985
37			0.601173
37			0.601648
37			0.600496
38			0.598938
38			0.603306
39			0.602067
39			0.594483
40			0.603936
40			0.597561
41			0.596231
41			0.600939
42			0.596351
42			0.595867
43			0.60054
43			0.602395
43			0.598068
43			0.601202
44			0.60517
44			0.600493
44			0.595937
44			0.598174
45			0.60274
45			0.599099
46			0.597573
46			0.590486
47			0.59769
48			0.597549
49			0.60203
49			0.601835
49			0.600412
49			0.598204
49			0.598719
50			0.60444
