Current modularity = 0.270091


Mean = 0.770239


Standard deviation = 0.131339


Community size			Conductance
1			1
1			1
2			0.923077
3			0.906977
3			0.882353
3			0.890909
3			0.948718
3			0.96
3			0.923077
5			0.872727
5			0.914286
6			0.895833
7			0.824
7			0.826087
9			0.847826
11			0.840637
12			0.785366
12			0.833333
13			0.830357
15			0.85489
21			0.598015
22			0.597796
25			0.606618
25			0.63327
26			0.812389
28			0.713836
31			0.605214
32			0.61874
33			0.621547
33			0.6
36			0.598965
37			0.674902
37			0.777151
47			0.63908
53			0.639839
63			0.66
68			0.643816
74			0.696219
82			0.62963
103			0.682067
