Current modularity = 0.168927


Mean = 0.870773


Standard deviation = 0.0740426


Community size			Conductance
2			0.933333
2			0.909091
2			0.916667
2			0.939394
2			0.923077
2			0.9
2			0.944444
2			0.947368
2			0.935484
2			0.95122
2			0.935484
2			0.948718
2			0.952381
2			0.933333
2			0.913043
2			0.947368
2			0.925926
2			0.909091
3			0.878788
3			0.940299
3			0.9
3			0.87234
3			0.904762
3			0.906977
3			0.914894
3			0.906977
3			0.87234
3			0.909091
3			0.85
3			0.942857
3			0.942029
3			0.916667
3			0.894737
4			0.904762
4			0.886792
4			0.924051
4			0.911765
4			0.938144
4			0.896552
5			0.901235
5			0.911111
5			0.932203
5			0.897436
6			0.925373
6			0.918699
6			0.905405
6			0.924242
6			0.913793
6			0.869919
6			0.892308
7			0.915663
7			0.90604
7			0.889655
7			0.858268
7			0.885714
8			0.878049
8			0.907514
8			0.861538
8			0.819549
8			0.882353
9			0.908046
9			0.852761
10			0.902655
11			0.788018
12			0.889655
12			0.898305
12			0.840909
13			0.856655
14			0.855738
14			0.888158
14			0.833962
15			0.877133
15			0.854305
16			0.851632
17			0.868421
19			0.827848
20			0.684755
21			0.846491
21			0.800948
21			0.876652
22			0.822115
22			0.804989
22			0.861607
22			0.745455
22			0.820755
24			0.655
24			0.86
24			0.848229
27			0.663685
32			0.777391
32			0.645796
32			0.650075
36			0.678771
37			0.818182
38			0.695808
47			0.666997
