Current modularity = 0.291236


Mean = 0.725563


Standard deviation = 0.13847


Community size			Conductance
1			1
1			1
1			1
5			0.896907
5			0.885714
6			0.825
7			0.859873
9			0.862857
10			0.795918
11			0.789474
12			0.859922
18			0.859079
21			0.598015
21			0.594286
24			0.597679
26			0.6
30			0.610195
30			0.607573
31			0.605214
33			0.6
34			0.597315
38			0.659864
39			0.75302
45			0.628892
45			0.618221
52			0.621053
71			0.632625
74			0.59893
76			0.667453
91			0.619403
133			0.647981
