Current modularity = 0.530536


2			0.5
2			0.5
2			0.5
2			0.333333
2			0.5
2			0.333333
2			0.333333
2			0.5
3			0.428571
3			0.454545
3			0.454545
3			0.333333
4			0.454545
5			0.375
5			0.461538
7			0.419355
7			0.285714
7			0.384615
8			0.428571
10			0.52381
11			0.535714
12			0.324324
12			0.469388
13			0.428571
14			0.517241
19			0.246154
22			0.430464
23			0.377049
24			0.35514
24			0.437288
25			0.338645
39			0.399281
45			0.345382
45			0.357143
53			0.328836
65			0.34106
70			0.46988
77			0.208791
211			0.399343
248			0.218056
