Current modularity = 0.48767


20			0.5
20			0.503958
21			0.50137
22			0.503185
23			0.502392
23			0.501916
23			0.50431
23			0.50211
24			0.502463
24			0.504464
24			0.495968
24			0.491453
24			0.48927
25			0.498881
25			0.496689
26			0.498316
26			0.664804
26			0.498328
26			0.489362
27			0.5
27			0.501587
27			0.500952
28			0.492366
28			0.498208
29			0.498403
29			0.503676
29			0.503676
30			0.499106
30			0.494585
30			0.491597
31			0.497268
31			0.500717
32			0.496711
32			0.506623
32			0.502591
32			0.5
32			0.497436
33			0.499213
34			0.639445
35			0.501333
35			0.502521
36			0.505988
36			0.496855
36			0.498516
36			0.502555
37			0.496104
37			0.498701
37			0.494891
37			0.498584
38			0.5
38			0.499358
39			0.500612
40			0.506631
41			0.502793
42			0.498783
42			0.50348
43			0.5
44			0.5
45			0.50049
45			0.498801
46			0.501085
47			0.496536
47			0.499458
50			0.50101
50			0.501057
50			0.506782
50			0.500506
50			0.496788
50			0.494737
51			0.503518
51			0.498413
52			0.503817
53			0.498155
57			0.501285
60			0.502183
61			0.499115
61			0.498881
61			0.50211
64			0.501148
65			0.49963
65			0.495027
65			0.49895
65			0.503569
65			0.499259
65			0.496795
66			0.502771
66			0.499627
68			0.497251
69			0.500367
69			0.495536
69			0.500713
70			0.496124
70			0.495406
71			0.498829
71			0.49931
72			0.49892
72			0.499628
73			0.498081
73			0.498314
75			0.497637
77			0.498013
77			0.496894
80			0.501312
84			0.50398
86			0.500597
87			0.499417
91			0.498048
92			0.500298
