Current modularity = 0.853752


3			0.142857
3			0.2
3			0.142857
4			0.111111
4			0.142857
4			0.142857
4			0.111111
4			0.142857
4			0.142857
4			0.0769231
4			0.111111
4			0.0769231
4			0.111111
4			0.111111
4			0.0909091
4			0.111111
4			0.142857
4			0.111111
4			0.111111
4			0.166667
4			0.0909091
4			0.111111
5			0.0769231
5			0.0909091
5			0.111111
5			0.0588235
5			0.111111
5			0.111111
5			0.0666667
5			0.0909091
5			0.111111
5			0.111111
5			0.111111
5			0.047619
5			0.0526316
5			0.0666667
5			0.111111
5			0.111111
5			0.2
5			0.111111
5			0.047619
5			0.0909091
5			0.111111
5			0.111111
5			0.111111
5			0.0526316
5			0.0769231
5			0.142857
5			0.0909091
5			0.0909091
5			0.111111
5			0.0909091
5			0.0909091
5			0.111111
6			0.166667
6			0.0909091
6			0.0909091
6			0.0909091
6			0.111111
6			0.0769231
6			0.0769231
6			0.0769231
6			0.0909091
6			0.166667
6			0.0909091
6			0.166667
6			0.0909091
6			0.0769231
6			0.037037
6			0.0909091
6			0.1
6			0.0666667
6			0.0769231
6			0.0909091
6			0.0909091
6			0.0909091
6			0.0909091
6			0.0769231
6			0.0909091
6			0.0909091
6			0.0909091
6			0.0909091
6			0.0769231
6			0.047619
6			0.0769231
6			0.0666667
6			0.1
6			0.0666667
6			0.0909091
6			0.0909091
6			0.0909091
7			0.04
7			0.0666667
7			0.0769231
7			0.0588235
7			0.0769231
7			0.0769231
7			0.0769231
7			0.0769231
7			0.0666667
7			0.0666667
7			0.0769231
7			0.0769231
7			0.0769231
7			0.0666667
7			0.0769231
7			0.0857143
7			0.0769231
7			0.0588235
7			0.0588235
7			0.130435
7			0.0769231
7			0.0769231
7			0.0666667
7			0.142857
7			0.0526316
7			0.0588235
7			0.0666667
7			0.111111
7			0.0526316
7			0.0666667
7			0.037037
7			0.0666667
7			0.0769231
7			0.142857
7			0.0666667
8			0.0588235
8			0.0666667
8			0.047619
8			0.0909091
8			0.142857
8			0.0666667
8			0.047619
8			0.0666667
8			0.0666667
8			0.04
8			0.157895
8			0.0666667
8			0.0666667
8			0.0588235
8			0.1
8			0.0526316
8			0.0714286
8			0.0769231
8			0.0588235
8			0.0526316
8			0.0588235
8			0.0232558
8			0.1
8			0.0588235
8			0.0769231
8			0.125
8			0.0434783
8			0.176471
8			0.125
8			0.157895
8			0.0588235
8			0.176471
9			0.0769231
9			0.238095
9			0.0434783
9			0.0526316
9			0.0588235
9			0.0588235
9			0.1
9			0.04
9			0.111111
9			0.0526316
9			0.0625
9			0.027027
9			0.04
9			0.0322581
9			0.0588235
9			0.027027
9			0.0526316
9			0.0526316
9			0.111111
9			0.142857
10			0.172414
10			0.12
10			0.047619
10			0.0526316
10			0.0714286
10			0.0731707
10			0.142857
10			0.037037
10			0.25
10			0.0909091
10			0.0285714
10			0.0909091
10			0.0714286
10			0.1
10			0.047619
10			0.142857
10			0.0612245
10			0.0689655
10			0.0149254
10			0.0526316
10			0.04
11			0.0952381
11			0.0294118
11			0.0833333
11			0.117647
11			0.0434783
11			0.0833333
11			0.0666667
11			0.105263
11			0.130435
11			0.0232558
11			0.111111
11			0.153846
11			0.0588235
11			0.111111
11			0.047619
11			0.0666667
11			0.047619
11			0.0434783
12			0.0625
12			0.0285714
12			0.0434783
12			0.0666667
12			0.0714286
12			0.111111
12			0.105263
12			0.037037
12			0.04
12			0.0434783
12			0.0952381
12			0.111111
12			0.102041
12			0.037037
12			0.037037
12			0.037037
12			0.0212766
12			0.0344828
13			0.0731707
13			0.0322581
13			0.133333
13			0.142857
13			0.133333
13			0.027027
13			0.030303
14			0.0810811
14			0.0909091
14			0.0285714
14			0.125
14			0.166667
14			0.0344828
14			0.103448
14			0.010989
14			0.027027
14			0.0666667
15			0.0666667
15			0.0967742
15			0.025641
15			0.118644
15			0.04
15			0.0344828
15			0.142857
15			0.0322581
15			0.015873
15			0.0454545
15			0.0666667
16			0.190476
16			0.027027
16			0.0666667
16			0.0384615
16			0.179487
16			0.128205
16			0.157895
16			0.192308
16			0.05
16			0.027027
16			0.0810811
16			0.0697674
16			0.0666667
16			0.0645161
16			0.0731707
16			0.0555556
17			0.0526316
17			0.0188679
17			0.148148
17			0.047619
17			0.027027
17			0.09375
17			0.0697674
18			0.0952381
18			0.0540541
18			0.0454545
18			0.025641
18			0.0416667
19			0.185185
19			0.0625
19			0.0769231
19			0.0909091
19			0.0714286
20			0.0384615
20			0.106383
20			0.0740741
20			0.0357143
20			0.116279
21			0.0526316
21			0.0793651
21			0.037037
21			0.102041
21			0.107143
21			0.0606061
22			0.0357143
22			0.0196078
23			0.0980392
23			0.142857
23			0.0649351
23			0.0847458
23			0.111111
23			0.0666667
23			0.0833333
23			0.0181818
23			0.0598291
23			0.0980392
23			0.0967742
24			0.049505
24			0.03125
24			0.0136986
24			0.0571429
24			0.0153846
25			0.117647
25			0.030303
25			0.147541
25			0.0204082
25			0.0555556
25			0.0947368
26			0.111111
27			0.0125786
27			0.125
28			0.0891089
28			0.0206186
28			0.0588235
28			0.188406
30			0.0638298
31			0.0100604
31			0.0666667
31			0.0526316
31			0.146667
32			0.1
33			0.146853
34			0.00680272
35			0.0843373
35			0.103448
35			0.0756303
38			0.0384615
38			0.117117
38			0.1
39			0.0727273
40			0.0138249
40			0.0352941
42			0.150943
45			0.131783
47			0.0394737
47			0.130435
50			0.09375
50			0.126761
51			0.135135
53			0.102362
53			0.0186335
54			0.0949721
55			0.0346084
56			0.0283401
56			0.0681818
58			0.124088
58			0.157303
59			0.0801688
66			0.0931677
72			0.107527
73			0.106849
77			0.107527
85			0.101322
90			0.136691
103			0.0983607
107			0.0658174
116			0.101887
125			0.083612
138			0.0826087
142			0.136792
162			0.112821
188			0.154246
195			0.11
226			0.0296462
249			0.130636
252			0.088316
266			0.141962
303			0.117991
564			0.113772
714			0.0726041
1229			0.0712463
