Current modularity = 0.267258


Mean = 0.746198


Standard deviation = 0.125097


Community size			Conductance
1			1
2			1
3			1
3			0.88
4			0.859155
6			0.87156
6			0.917355
6			0.84127
9			0.87027
13			0.791367
14			0.835443
14			0.772853
15			0.767296
18			0.722222
19			0.755352
21			0.594286
23			0.604706
27			0.60367
27			0.612903
27			0.767594
29			0.599214
30			0.6
32			0.710983
35			0.635659
39			0.687417
39			0.715247
40			0.747899
43			0.643123
48			0.670251
51			0.687796
88			0.614148
98			0.645621
170			0.599874
