Current modularity = 0.52895


2			0.5
2			0.5
2			0.5
2			0.333333
2			0.6
2			0.5
2			0.5
2			0.333333
2			0.5
2			0.5
2			0.6
2			0.6
2			0.333333
3			0.764706
3			0.333333
3			0.555556
3			0.454545
3			0.428571
3			0.454545
4			0.684211
4			0.625
4			0.6
4			0.6
4			0.454545
5			0.461538
5			0.481481
5			0.375
7			0.384615
7			0.685714
7			0.285714
8			0.428571
10			0.52381
11			0.535714
12			0.324324
12			0.469388
13			0.428571
14			0.517241
19			0.246154
21			0.353191
22			0.430464
23			0.377049
24			0.35514
24			0.437288
37			0.404719
41			0.358178
45			0.357143
53			0.328836
65			0.34106
68			0.475694
77			0.208791
194			0.404053
240			0.218509
