Current modularity = 0.209043


Mean = 0.870268


Standard deviation = 0.11323


Community size			Conductance
1			1
1			1
1			1
1			1
1			1
1			1
1			1
1			1
1			1
1			1
1			1
1			1
1			1
1			1
1			1
1			1
1			1
2			0.909091
2			1
2			0.95122
2			1
2			1
2			0.923077
2			0.964286
2			0.939394
2			0.909091
2			0.925926
3			0.945946
3			0.92
3			0.927273
4			0.914286
4			0.866667
4			0.924528
4			0.924051
6			0.943396
6			0.856
6			0.888
7			0.890909
7			0.824
7			0.904
7			0.846154
8			0.822222
8			0.808917
8			0.863354
8			0.84
10			0.876289
11			0.902174
12			0.815951
13			0.893333
13			0.862595
13			0.875776
14			0.859155
15			0.886121
15			0.788235
16			0.843342
16			0.882698
18			0.777778
22			0.609756
23			0.790754
24			0.765873
24			0.780702
26			0.797373
27			0.685221
27			0.80446
29			0.785235
29			0.614786
30			0.761146
30			0.62314
30			0.78355
33			0.659091
35			0.651578
40			0.754228
41			0.726658
46			0.667421
50			0.658189
61			0.730071
67			0.666163
