Current modularity = 0.487902


4			0.913043
16			0.677656
20			0.503958
20			0.5
20			0.656051
21			0.50137
22			0.503185
23			0.502392
23			0.50211
23			0.50431
23			0.501916
24			0.48927
24			0.495968
24			0.491453
24			0.504464
24			0.502463
25			0.498881
25			0.496689
26			0.489362
26			0.498328
26			0.498316
27			0.501587
27			0.500952
27			0.5
28			0.492366
28			0.498208
29			0.498403
29			0.503676
29			0.503676
30			0.499106
30			0.494585
30			0.491597
31			0.500717
31			0.497268
32			0.496711
32			0.502591
32			0.497436
32			0.506623
32			0.5
33			0.499213
35			0.501333
35			0.502521
36			0.496855
36			0.498516
36			0.505988
37			0.496104
37			0.498701
37			0.494891
37			0.498584
38			0.499358
38			0.5
39			0.500612
40			0.506631
41			0.502793
42			0.50348
42			0.498783
43			0.5
44			0.5
45			0.50049
45			0.498801
46			0.501085
47			0.499458
47			0.496536
50			0.494737
50			0.500506
50			0.501057
50			0.506782
50			0.496788
50			0.50101
51			0.498413
51			0.503518
52			0.503817
53			0.498155
57			0.501285
60			0.502183
60			0.500843
61			0.498881
61			0.499115
61			0.50211
61			0.519118
64			0.501148
65			0.495027
65			0.499259
65			0.496795
65			0.503569
65			0.49963
66			0.499627
66			0.502771
68			0.497251
69			0.500367
69			0.495536
69			0.500713
70			0.496124
70			0.495406
71			0.498829
71			0.49931
72			0.499628
72			0.49892
73			0.498314
73			0.498081
75			0.497637
77			0.498013
77			0.496894
80			0.501312
84			0.50398
86			0.500597
87			0.499417
91			0.498048
92			0.500298
