Current modularity = 0.528914


1			1
2			0.5
2			0.6
2			0.333333
2			0.6
2			0.5
2			0.833333
2			0.333333
2			0.5
2			0.5
2			0.333333
2			0.5
2			0.6
2			0.5
2			0.5
3			0.764706
3			0.454545
3			0.454545
3			0.555556
3			0.428571
3			0.333333
4			0.454545
4			0.6
4			0.625
4			0.684211
4			0.6
5			0.375
5			0.481481
5			0.461538
7			0.685714
7			0.285714
7			0.384615
8			0.428571
10			0.52381
11			0.535714
11			0.313433
12			0.469388
14			0.41573
14			0.517241
19			0.246154
21			0.353191
22			0.430464
23			0.377049
24			0.437288
25			0.354839
37			0.404719
41			0.358178
45			0.357143
53			0.328836
65			0.34106
70			0.47557
77			0.208791
188			0.40891
240			0.218509
